julia> include("MyReactor_final2.jl")
WARNING: replacing module MyReactor.
Main.MyReactor

julia> profile = MyReactor.PiecewiseLinearProfile([0.5 1.0])  # half the time in first interval
Main.MyReactor.PiecewiseLinearProfile([0.5 1.0])

julia> results = MyReactor.simulation(profile)
retcode: Success
Interpolation: 1st order linear
t: 21-element Vector{Float64}:
   0.0
  20.0
  40.0
  60.0
  80.0
 100.0
 120.0
 140.0
 160.0
 180.0
 200.0
 220.0
 240.0
 260.0
 280.0
 300.0
 320.0
 340.0
 360.0
 380.0
 390.0
u: 21-element Vector{Vector{Float64}}:
 [0.05, 40.0, 0.0]
 [0.04285713811495807, 39.963553772053324, 0.00010649835730977775]
 [0.03750006303673843, 39.9295047588595, 0.00018571050223588765]
 [0.03332125434536592, 39.89784259234652, 0.00024661939834846555]
 [0.030029879632621864, 39.86817779510108, 0.0002953272407531002]
 [0.0271749222034312, 39.841005595848145, 0.00033285838131406393]
 [0.024588871712144186, 39.81643209556711, 0.00036012153650353374]
 [0.02224887872678792, 39.79420269399097, 0.0003787949385444595]
 [0.020131635324413377, 39.774094751206334, 0.00039028911591949204]
 [0.01821590000094114, 39.75590541563792, 0.0003958393973925976]
 [0.016482428471945636, 39.73945095867724, 0.00039651450511031766]
 [0.014913904550339157, 39.72456611832649, 0.00039321700762218225]
 [0.013494671339972598, 39.711101514359804, 0.0003867168645113151]
 [0.012210490823160412, 39.69892133786411, 0.0003776800297359974]
 [0.011048446271154533, 39.68790241600716, 0.00036667743889520787]
 [0.009997002813104111, 39.67793479736569, 0.0003541746581551424]
 [0.009045692235849974, 39.66891872574365, 0.0003405663356583852]
 [0.008184938503820465, 39.66076296489824, 0.00032619538396202124]
 [0.0074060585878363994, 39.653384806580924, 0.000311352806288191]
 [0.0067012789425247256, 39.64671023449077, 0.00029627018532639297]
 [0.006374453753366738, 39.64361563319994, 0.0002886990226594261]
